StereoParameters
 left=CameraPinholeRadial
 fx=1096.0277528927857
 fy=1090.994248657252
 skew=0.0
 cx=979.6418886391766
 cy=520.6024628492111
 width=1920
 height=1080
 r0= .084642128 r1=-.092440061

 right=CameraPinholeRadial
 fx=1079.8167178187725
 fy=1075.1260889814973
 skew=0.0
 cx=933.3392679618801
 cy=528.1405494040022
 width=1920
 height=1080
 r0= .044380779 r1= .07690668

 right_to_left=
  p=
 4.04879774 -.01262997 .347570022

 q=
  -.0039137 -.016410134 .000328261 .999857631