[LEFT_CAM_2K]
fx=1063.32
fy=1063.55
cx=1097.08
cy=620.72
k1=-0.046294283228636816
k2=0.011686230083708667
p1=0.00029698807559079706
p2=-0.00075010151152724914
k3=-0.0051528552873236896

[STEREO]
CV_2K=0.00368775
RX_2K=-0.00473308
RZ_2K=0.00179004
CV_FHD=0.00368775
RX_FHD=-0.00473308
RZ_FHD=0.00179004
CV_HD=0.00368775
RX_HD=-0.00473308
RZ_HD=0.00179004
CV_VGA=0.00368775
RX_VGA=-0.00473308
RZ_VGA=0.00179004
Baseline=120.019

[RIGHT_CAM_2K]
fx=1061.05
fy=1061.1
cx=1106.46
cy=608.644
k1=-0.048668957620684891
k2=0.014870088068414489
p1=0.00045151598689256603
p2=-0.00014160125616304026
k3=-0.0062115457342535813

[LEFT_CAM_FHD]
fx=1063.32
fy=1063.55
cx=953.076
cy=539.72
k1=-0.046294283228636816
k2=0.011686230083708667
p1=0.00029698807559079706
p2=-0.00075010151152724914
k3=-0.0051528552873236896

[RIGHT_CAM_FHD]
fx=1061.05
fy=1061.1
cx=962.458
cy=527.644
k1=-0.048668957620684891
k2=0.014870088068414489
p1=0.00045151598689256603
p2=-0.00014160125616304026
k3=-0.0062115457342535813

[LEFT_CAM_HD]
fx=531.662
fy=531.773
cx=635.038
cy=358.36
k1=-0.046294283228636816
k2=0.011686230083708667
p1=0.00029698807559079706
p2=-0.00075010151152724914
k3=-0.0051528552873236896

[RIGHT_CAM_HD]
fx=530.525
fy=530.55
cx=639.729
cy=352.322
k1=-0.048668957620684891
k2=0.014870088068414489
p1=0.00045151598689256603
p2=-0.00014160125616304026
k3=-0.0062115457342535813

[LEFT_CAM_VGA]
fx=265.831
fy=265.886
cx=333.019
cy=186.68
k1=-0.046294283228636816
k2=0.011686230083708667
p1=0.00029698807559079706
p2=-0.00075010151152724914
k3=-0.0051528552873236896

[RIGHT_CAM_VGA]
fx=265.262
fy=265.275
cx=335.364
cy=183.661
k1=-0.048668957620684891
k2=0.014870088068414489
p1=0.00045151598689256603
p2=-0.00014160125616304026
k3=-0.0062115457342535813
